每幅图像的标定误差：
第1幅图像的平均误差：0.0780409像素
第2幅图像的平均误差：0.067369像素
第3幅图像的平均误差：0.0728409像素
第4幅图像的平均误差：0.0585988像素
第5幅图像的平均误差：0.0649565像素
第6幅图像的平均误差：0.0742063像素
第7幅图像的平均误差：0.0727653像素
第8幅图像的平均误差：0.0849683像素
第9幅图像的平均误差：0.0651951像素
第10幅图像的平均误差：0.0726147像素
第11幅图像的平均误差：0.0693783像素
第12幅图像的平均误差：0.0656933像素
第13幅图像的平均误差：0.0735709像素
第14幅图像的平均误差：0.0915706像素
第15幅图像的平均误差：0.0732979像素
第16幅图像的平均误差：0.122664像素
第17幅图像的平均误差：0.053723像素
第18幅图像的平均误差：0.0653697像素
第19幅图像的平均误差：0.0736053像素
第20幅图像的平均误差：0.080651像素
第21幅图像的平均误差：0.081415像素
第22幅图像的平均误差：0.156164像素
第23幅图像的平均误差：0.071521像素
第24幅图像的平均误差：0.0710763像素
第25幅图像的平均误差：0.0634138像素
总体平均误差：0.0769868像素

相机内参数矩阵：
[1095.821565307098, 0, 888.8290762838726;
 0, 1084.879425320657, 541.6436947906914;
 0, 0, 1]

畸变系数：
[0.1654649127290586, -0.1007134846807238, 0.0001622991027908597, -0.02327281156998601, -0.09886327396740321]


第1幅图像的旋转向量：
[-2.06082596877328;
 6.460103393058773;
 56.80487143908403]
第1幅图像的旋转矩阵：
[0.7905767001651753, -0.6092478838567338, 0.06168871186881907;
 0.6075418651455421, 0.7929785249512634, 0.04558443880969051;
 -0.07669004662548036, 0.001440479854161791, 0.9970539412521127]
第1幅图像的平移向量：
[-2.090375154124423;
 -2.214772012354346;
 0.1992542254502971]

第2幅图像的旋转向量：
[-15.06442678445002;
 8.273980139116148;
 76.13701867951401]
第2幅图像的旋转矩阵：
[-0.8135687450389818, -0.4950348137225697, -0.3050351296135528;
 0.4179550188897164, -0.8625706561608195, 0.2851060597658178;
 -0.4042517770902103, 0.1044624158870259, 0.9086628111606929]
第2幅图像的平移向量：
[2.209479493505719;
 2.336170177449356;
 -0.1579219992100126]

第3幅图像的旋转向量：
[-13.61733324044721;
 8.157111784045311;
 75.10213734687412]
第3幅图像的旋转矩阵：
[0.2311842911782713, -0.9723229427702725, -0.03379228425185081;
 0.9423945922638214, 0.2151672733724588, 0.2561161395565842;
 -0.2417566048411219, -0.09105569412189018, 0.9660551767801232]
第3幅图像的平移向量：
[-1.982222267964878;
 -2.072243152779783;
 0.4203806503567742]

第4幅图像的旋转向量：
[-10.01501500952335;
 8.043414309867378;
 73.00567614361745]
第4幅图像的旋转矩阵：
[0.3080650999288225, 0.9306489297557694, -0.197454966385466;
 -0.9513138648046719, 0.30349831097112, -0.05376528497158402;
 0.009890643874029562, 0.2044048550845069, 0.9788364676398397]
第4幅图像的平移向量：
[-2.043201938152603;
 -2.146885404403786;
 0.3158136317554792]

第5幅图像的旋转向量：
[-7.585944575330041;
 -0.0723722805655392;
 74.53300087645104]
第5幅图像的旋转矩阵：
[0.8880918417956685, 0.4595357598770147, -0.01094376216078697;
 -0.459513640339456, 0.8869326803590351, -0.04687893826782782;
 -0.01183616821265536, 0.04666161061721306, 0.9988406275360696]
第5幅图像的平移向量：
[1.994889056659947;
 2.18718949622175;
 -0.3083786084960131]

第6幅图像的旋转向量：
[1.570374741895563;
 2.435825536556635;
 66.93675523432334]
第6幅图像的旋转矩阵：
[-0.5173919978449925, 0.8557368993513104, 0.004458660625417787;
 -0.853149441829556, -0.5162193468124492, 0.07519053053706476;
 0.06664495833807936, 0.03509907498971424, 0.9971592172080556]
第6幅图像的平移向量：
[1.731820679688184;
 2.647207007914648;
 -0.1255385735411043]

第7幅图像的旋转向量：
[-1.36330263342742;
 23.10250917112409;
 63.42647419584016]
第7幅图像的旋转矩阵：
[-0.02713905287446647, 0.9319629067768557, -0.3615364604035268;
 -0.9461621632934959, 0.09275220142706579, 0.3101196380144365;
 0.3225533018910968, 0.3504884727383585, 0.8792708330865321]
第7幅图像的平移向量：
[-2.073073230842864;
 2.297220308955198;
 0.2203517230041381]

第8幅图像的旋转向量：
[-13.80113524718672;
 -2.478466491967176;
 49.62504999410286]
第8幅图像的旋转矩阵：
[0.3177024144507752, -0.918448028218168, -0.2356234184335403;
 0.9373548194423582, 0.2667596454147636, 0.2240652450657477;
 -0.1429374629701108, -0.2920488161940551, 0.9456618690839338]
第8幅图像的平移向量：
[-1.940643661484081;
 -2.175869633335317;
 -0.06942351813133232]

第9幅图像的旋转向量：
[-1.396151177359339;
 0.1426434019551572;
 101.6278550859554]
第9幅图像的旋转矩阵：
[0.4478265063888684, -0.8940980604986118, -0.006330749415468908;
 0.8940767662014338, 0.4477233830751172, 0.01305788599117651;
 -0.008840605993228348, -0.01150784342926678, 0.9998947010687075]
第9幅图像的平移向量：
[-1.921772125897194;
 -2.123368323258027;
 -0.09913774401999928]

第10幅图像的旋转向量：
[-22.9594737316343;
 -1.813990096496601;
 97.30132136396963]
第10幅图像的旋转矩阵：
[0.8646796815288781, 0.5018161118027985, -0.02257516968351055;
 -0.50062596248101, 0.8571949026670795, -0.120791326391999;
 -0.04126371336998605, 0.1157475216870641, 0.992421189406102]
第10幅图像的平移向量：
[2.014824557015449;
 2.426188667460333;
 0.451916790404833]

第11幅图像的旋转向量：
[13.36815289566083;
 2.383745267412039;
 85.94344021394265]
第11幅图像的旋转矩阵：
[0.5875572850855892, 0.8081053200667955, 0.04174000985377836;
 -0.8045492898767256, 0.5779031419770828, 0.1368517396742626;
 0.08646893605051485, -0.1139901319095545, 0.9897117625478311]
第11幅图像的平移向量：
[-1.972377985596609;
 -1.930877665367993;
 0.03333503548223573]

第12幅图像的旋转向量：
[-13.72754040722337;
 0.5625958412620364;
 69.96020247799295]
第12幅图像的旋转矩阵：
[-0.5150876605398198, -0.8062982709046652, -0.2908054337452487;
 0.8015171821548542, -0.5733198294149431, 0.1699252185820656;
 -0.3037349315935813, -0.1455591685046582, 0.9415718877462702]
第12幅图像的平移向量：
[-1.829114308182542;
 -2.311198606022168;
 -0.1446332971576626]

第13幅图像的旋转向量：
[-10.05161296142496;
 -0.5968892348507971;
 92.93584156867637]
第13幅图像的旋转矩阵：
[0.7225199792998043, 0.6908768689558714, -0.02557403867874846;
 -0.6904913845343547, 0.719285646538294, -0.07648402818770983;
 -0.03444600697381865, 0.07291989183837391, 0.996742776235594]
第13幅图像的平移向量：
[-1.957932630050614;
 -2.189120661077941;
 -0.1386196186545643]

第14幅图像的旋转向量：
[17.636396358343;
 20.71093519835451;
 69.10644802469487]
第14幅图像的旋转矩阵：
[0.4585172936411199, 0.8797825018597587, -0.1254776508124328;
 -0.8037790847866424, 0.4707834555962464, 0.3637335849167692;
 0.3790792453980705, -0.06592182763122437, 0.9230131301071446]
第14幅图像的平移向量：
[-1.996779118662903;
 2.266176696539495;
 0.3983477803060683]

第15幅图像的旋转向量：
[-18.72059357216902;
 -2.72520817188846;
 79.74908692049047]
第15幅图像的旋转矩阵：
[0.9628764188969777, -0.2693472125223669, -0.01791873429020167;
 0.2699421082754972, 0.9608764254574744, 0.06203026019489409;
 0.000510011677959412, -0.06456449571163285, 0.9979134059534379]
第15幅图像的平移向量：
[-1.57250648219829;
 -2.324109624470504;
 0.02673459073262041]

第16幅图像的旋转向量：
[-17.86157310802107;
 -5.100331194690004;
 81.5446418568017]
第16幅图像的旋转矩阵：
[-0.3096193090344734, -0.8870943166310029, -0.342344208179413;
 0.9228386018540634, -0.3671049504700559, 0.1166313434219768;
 -0.2291392554780882, -0.2798171344670511, 0.9323076599801136]
第16幅图像的平移向量：
[-1.576350287007997;
 -2.293778312838488;
 0.09045679354214714]

第17幅图像的旋转向量：
[17.42884256138736;
 27.44747437377519;
 104.5293340721315]
第17幅图像的旋转矩阵：
[-0.8362081098316847, -0.3712492342716529, 0.4036458882540891;
 0.5216636465609962, -0.7655252450247253, 0.3766140452592258;
 0.1691834415904973, 0.5254951049082622, 0.8338056475036905]
第17幅图像的平移向量：
[2.227295217858919;
 -2.263097452792368;
 0.04037011007126343]

第18幅图像的旋转向量：
[0.3914508898154891;
 -3.008051397160124;
 64.98741751604661]
第18幅图像的旋转矩阵：
[-0.6095171539671291, -0.7923136947973106, -0.02697865927812115;
 0.7914181235900675, -0.6061344783839985, -0.07910971980316078;
 0.04632701882257871, -0.069570131168426, 0.996500779817166]
第18幅图像的平移向量：
[2.134920730371823;
 2.270534071515345;
 -0.146842399822361]

第19幅图像的旋转向量：
[7.03659392015274;
 18.76744088588229;
 62.66378849873414]
第19幅图像的旋转矩阵：
[-0.9607490055385663, -0.1121180225568903, 0.2537536154906732;
 0.2331445532910568, -0.8220414776622206, 0.5195107566486246;
 0.1503494783076063, 0.5582807161463177, 0.8159152384603342]
第19幅图像的平移向量：
[-2.056163892938542;
 2.336683117969178;
 0.06013811832920431]

第20幅图像的旋转向量：
[3.019406969632197;
 3.710669766933218;
 63.51755275526908]
第20幅图像的旋转矩阵：
[0.6489746495071508, -0.7583614961950422, 0.06098971541077702;
 0.7603045072174275, 0.6493780482218943, -0.01565908018971073;
 -0.02773013887335199, 0.05653310159844387, 0.9980155548996843]
第20幅图像的平移向量：
[-1.913101009449025;
 -2.215557651954027;
 0.03910084766422233]

第21幅图像的旋转向量：
[-1.154098334970224;
 23.543095440195;
 62.43357386961172]
第21幅图像的旋转矩阵：
[-0.7232477599798171, 0.6350543932647199, -0.2713274687151216;
 -0.656087656234474, -0.5092286627608353, 0.5569875728950923;
 0.2155496810967982, 0.5808546174543073, 0.7849498381177477]
第21幅图像的平移向量：
[-2.106400537973753;
 2.242900705460334;
 0.2476914331675915]

第22幅图像的旋转向量：
[1.78366975368747;
 17.40655349374025;
 63.16625446089695]
第22幅图像的旋转矩阵：
[-0.9081929233955032, -0.3865911163554039, 0.1604148454770077;
 0.4141919555284693, -0.7749309372170854, 0.477417078160545;
 -0.06025477466418881, 0.5000293504374839, 0.86390972377398]
第22幅图像的平移向量：
[-2.141849836185246;
 2.307829621564676;
 0.1145907302991728]

第23幅图像的旋转向量：
[-4.54679186883342;
 -8.508128297102589;
 70.83635951079187]
第23幅图像的旋转矩阵：
[-0.71344464766699, -0.6741897216094593, -0.1909579901221318;
 0.700233632675974, -0.6960364803887744, -0.1587642202683474;
 -0.02587652188246298, -0.2469846903031987, 0.9686738193897365]
第23幅图像的平移向量：
[-2.063848898295066;
 -2.102799048635256;
 -0.03779872204109386]

第24幅图像的旋转向量：
[17.55180402717649;
 7.45710726295177;
 71.35497789679985]
第24幅图像的旋转矩阵：
[0.08660941484585405, 0.9888258558397541, 0.1213352219383813;
 -0.9423729821934962, 0.04180936449351758, 0.3319414699497251;
 0.3231593595918194, -0.1430922914186004, 0.935463855231606]
第24幅图像的平移向量：
[2.02459143577205;
 -2.361197609443134;
 -0.361666938539895]

第25幅图像的旋转向量：
[-12.17160699702494;
 -7.069493116562972;
 72.32946794104095]
第25幅图像的旋转矩阵：
[-0.1094916946522642, 0.9899092412810634, -0.08995144706187323;
 -0.9537573914048075, -0.1301143402905091, -0.2709558945501323;
 -0.2799257171873855, 0.05612443743250567, 0.9583796953087085]
第25幅图像的平移向量：
[-1.93378454966734;
 -2.143572295509884;
 -0.0681429155962093]


